
================== No. of hidden nodes :  6 ===============

Iterations :  10
Stopped 7.2574248729 7.2584234762 7.25942342224
Confusion matrix : 
[[ 15.   0.   0.   0.   1.   0.   0.   0.]
 [  0.  10.   0.   1.   0.   0.   0.   0.]
 [  0.   0.  15.   0.   0.   0.   0.   0.]
 [  0.   0.   0.  10.   2.   0.   0.   0.]
 [  1.   0.   0.   0.  13.   0.   0.   0.]
 [  0.   1.   0.   0.   0.  10.   1.   0.]
 [  0.   0.   0.   0.   0.   1.  13.   0.]
 [  1.   0.   0.   2.   0.   0.   0.  14.]]
Percentage Correct :  90.0900900901

Iterations :  100
Stopped 5.73065462777 5.73163743562 5.7326295436
Confusion matrix : 
[[ 15.   0.   0.   0.   0.   0.   0.   0.]
 [  0.  10.   0.   0.   0.   0.   0.   0.]
 [  0.   0.  15.   0.   0.   0.   0.   0.]
 [  0.   0.   0.  12.   0.   0.   0.   0.]
 [  1.   0.   0.   1.  16.   0.   0.   0.]
 [  0.   1.   0.   0.   0.  10.   0.   0.]
 [  0.   0.   0.   0.   0.   1.  14.   0.]
 [  1.   0.   0.   0.   0.   0.   0.  14.]]
Percentage Correct :  95.4954954955

Iterations :  1000
Stopped 5.1973567676 5.19834813895 5.1993453335
Confusion matrix : 
[[ 15.   0.   0.   0.   0.   0.   0.   0.]
 [  0.  10.   0.   0.   0.   0.   0.   0.]
 [  0.   0.  15.   0.   0.   0.   0.   0.]
 [  0.   0.   0.  13.   0.   0.   0.   0.]
 [  1.   0.   0.   0.  16.   0.   0.   0.]
 [  0.   1.   0.   0.   0.  10.   0.   0.]
 [  0.   0.   0.   0.   0.   1.  14.   0.]
 [  1.   0.   0.   0.   0.   0.   0.  14.]]
Percentage Correct :  96.3963963964


=================  No. of hidden nodes :  8 ================================

Iterations :  10
Stopped 6.15406649364 6.15506382368 6.15606291027
Confusion matrix : 
[[ 15.   0.   0.   0.   1.   0.   0.   0.]
 [  0.  10.   0.   0.   0.   0.   0.   0.]
 [  0.   0.  15.   0.   0.   0.   0.   0.]
 [  0.   0.   0.  12.   0.   0.   0.   0.]
 [  1.   0.   0.   1.  15.   0.   0.   0.]
 [  0.   1.   0.   0.   0.  11.   1.   0.]
 [  0.   0.   0.   0.   0.   0.  13.   0.]
 [  1.   0.   0.   0.   0.   0.   0.  14.]]
Percentage Correct :  94.5945945946

Iterations :  100
Stopped 5.33617097448 5.3371341219 5.33812323682
Confusion matrix : 
[[ 16.   0.   0.   0.   1.   0.   0.   0.]
 [  0.  10.   0.   0.   0.   0.   0.   0.]
 [  0.   0.  15.   0.   0.   0.   0.   0.]
 [  0.   0.   0.  12.   0.   0.   0.   0.]
 [  0.   0.   0.   1.  15.   0.   0.   0.]
 [  0.   1.   0.   0.   0.  11.   1.   0.]
 [  0.   0.   0.   0.   0.   0.  13.   0.]
 [  1.   0.   0.   0.   0.   0.   0.  14.]]
Percentage Correct :  95.4954954955

Iterations :  1000
Stopped 2.98935587447 2.99023372317 2.99118372148
Confusion matrix : 
[[ 16.   0.   0.   0.   0.   0.   0.   0.]
 [  0.  10.   0.   0.   0.   0.   0.   0.]
 [  0.   0.  15.   0.   0.   0.   0.   0.]
 [  0.   0.   0.  13.   0.   0.   0.   0.]
 [  0.   0.   0.   0.  16.   0.   0.   0.]
 [  0.   1.   0.   0.   0.  11.   0.   0.]
 [  0.   0.   0.   0.   0.   0.  14.   0.]
 [  1.   0.   0.   0.   0.   0.   0.  14.]]
Percentage Correct :  98.1981981982


=======================  No. of hidden nodes :  12 ========================

Iterations :  10
Stopped 5.63837760584 5.63937596733 5.64037559475
Confusion matrix : 
[[ 16.   0.   0.   0.   1.   0.   0.   0.]
 [  0.  10.   0.   0.   0.   0.   0.   0.]
 [  0.   0.  15.   0.   0.   0.   0.   0.]
 [  0.   0.   0.  12.   0.   0.   0.   0.]
 [  0.   0.   0.   1.  15.   0.   0.   0.]
 [  0.   1.   0.   0.   0.  11.   1.   0.]
 [  0.   0.   0.   0.   0.   0.  13.   0.]
 [  1.   0.   0.   0.   0.   0.   0.  14.]]
Percentage Correct :  95.4954954955

Iterations :  100
Stopped 4.99587652099 4.99686744201 4.99786560673
Confusion matrix : 
[[ 16.   0.   0.   0.   1.   0.   0.   0.]
 [  0.  10.   0.   0.   0.   0.   0.   0.]
 [  0.   0.  15.   0.   0.   0.   0.   0.]
 [  0.   0.   0.  13.   0.   0.   0.   0.]
 [  0.   0.   0.   0.  15.   0.   0.   0.]
 [  0.   1.   0.   0.   0.  11.   0.   0.]
 [  0.   0.   0.   0.   0.   0.  14.   0.]
 [  1.   0.   0.   0.   0.   0.   0.  14.]]
Percentage Correct :  97.2972972973

Iterations :  1000
Stopped 3.70724835015 3.70807477461 3.70903255033
Confusion matrix : 
[[ 16.   0.   0.   0.   0.   0.   0.   0.]
 [  0.  10.   0.   0.   0.   0.   0.   0.]
 [  0.   0.  15.   0.   0.   0.   0.   0.]
 [  0.   0.   0.  13.   0.   0.   0.   0.]
 [  0.   0.   0.   0.  16.   0.   0.   0.]
 [  0.   1.   0.   0.   0.  11.   0.   0.]
 [  0.   0.   0.   0.   0.   0.  14.   0.]
 [  1.   0.   0.   0.   0.   0.   0.  14.]]
Percentage Correct :  98.1981981982



=================  No. of hidden nodes :  18 =================

Iterations :  10
Stopped 5.42442643177 5.42542476441 5.42642460365
Confusion matrix : 
[[ 17.   0.   0.   0.   0.   0.   0.   0.]
 [  0.  10.   0.   0.   0.   0.   0.   0.]
 [  0.   0.  15.   0.   0.   0.   0.   0.]
 [  0.   0.   0.  12.   0.   0.   0.   0.]
 [  0.   0.   0.   1.  16.   0.   0.   0.]
 [  0.   1.   0.   0.   0.  11.   1.   0.]
 [  0.   0.   0.   0.   0.   0.  13.   0.]
 [  0.   0.   0.   0.   0.   0.   0.  14.]]
Percentage Correct :  97.2972972973

Iterations :  100
Stopped 3.9467631533 3.94774116405 3.94873268563
Confusion matrix : 
[[ 17.   0.   0.   0.   1.   0.   0.   0.]
 [  0.  10.   0.   0.   0.   0.   0.   0.]
 [  0.   0.  15.   0.   0.   0.   0.   0.]
 [  0.   0.   0.  12.   0.   0.   0.   0.]
 [  0.   0.   0.   1.  15.   0.   0.   0.]
 [  0.   1.   0.   0.   0.  10.   0.   0.]
 [  0.   0.   0.   0.   0.   1.  14.   0.]
 [  0.   0.   0.   0.   0.   0.   0.  14.]]
Percentage Correct :  96.3963963964

Iterations :  1000
Stopped 3.04318277904 3.04414814775 3.04513754339
Confusion matrix : 
[[ 17.   0.   0.   1.   0.   0.   0.   0.]
 [  0.  10.   0.   0.   0.   0.   0.   0.]
 [  0.   0.  15.   0.   0.   0.   0.   0.]
 [  0.   0.   0.  12.   0.   0.   0.   0.]
 [  0.   0.   0.   0.  16.   0.   0.   0.]
 [  0.   1.   0.   0.   0.  11.   0.   0.]
 [  0.   0.   0.   0.   0.   0.  14.   0.]
 [  0.   0.   0.   0.   0.   0.   0.  14.]]
Percentage Correct :  98.1981981982










